##compose ####################

#Point

#Line
0003,0,1
0003,0,2
0003,3,4
0003,5,6
0005,2,3
0007,0,1
0007,0,2
0007,3,4
0009,0,1
0009,1,2
0009,4,5
0017,0,1
0017,1,3
0021,0,1
0021,2,3
0021,4,5
0041,3,4

#Circle
0013,0,1
0013,1,2
0013,2,3
0013,2,4
0015,0,1
0015,0,2
0015,0,3
0041,0,1
0041,0,2

#Intersect
0021,7,8
0041,5,6
0041,5,7
0041,8,9
0041,8,10
0041,12,13


##merge ####################

#Point
0041,6,9
0041,7,10

#Line
0003,0,4
0003,0,6
0005,0,1
0005,0,3
0007,0,4
0021,0,3
0041,3,14

#Circle
0041,0,13

##event ####################

#Distance
0001,0,1,2
0041,5,0,3
0041,11,12,14

#Perpendicular
0009,1,3,4
0019,0,1,2
0021,0,4,6