##compose ####################

#Point

#Line
0003,0,1 # test
0003,0,2
0003,3,4
0003,5,6
0005,2,3
0007,0,1
0007,0,2
0007,3,4
0009,0,1
0009,1,2
0009,4,5
0017,0,1
0017,1,3
0021,0,1
0021,2,3
0021,4,5
0004,0,1
0006,0,1
0006,2,3
0008,0,1 
0008,0,2  
0008,3,4  
0010,0,1     
0010,4,5      
0016,1,0
0016,1,0
0016,1,2
0018,1,0
0020,0,1
0022,0,2
0022,1,2
0022,2,3
0041,3,4

#Circle
0013,0,1
0013,1,2
0013,2,3
0013,2,4
0015,0,1
0015,0,2
0015,0,3
0004,3,2
0004,5,4
0014,0,1
0014,1,2
0014,1,3
0041,0,1
0041,0,2

#Intersect
0021,7,8
0041,5,6
0041,5,7
0041,8,9
0041,8,10
0041,12,13


##merge ####################

#Point
0041,6,9
0041,7,10

#Line
0003,0,4
0003,4,6
0003,0,6
0004,0,5
0005,0,1
0005,0,3
0007,0,4
0021,0,3
0004,0,3
0004,3,5 #locally merge, 3,1,5 is global merge 
0006,1,5
0008,0,4
0010,0,5
0041,3,14

#Circle
0041,0,13

##event ####################


#EventDistance
0002,2,3,4  
0048,3,5,6
0058,3,4,5
0088,3,4,6
0090,2,3,5
0092,3,4,5
0156,5,6,7
0184,0,1,2
0184,3,4,5


#EventPerpendicular
0010,0,2,3
0010,0,2,4
0016,1,3,4
0050,6,7,8 
0060,1,2,3
0066,1,3,4
0068,1,2,3
0078,1,2,3
0082,2,4,5
0082,3,4,5
0166,4,5,6
0186,1,3,4

#EventIntersect
0020,1,2,3
0030,7,8,9
0038,1,2,3
0040,4,7,8
0040,9,10,11
0042,6,7,8
0086,3,4,5
0164,0,1,2
0182,4,5,6
0182,9,10,11

#EventParallel
0018,3,4,5
0064,0,3,4
0070,1,2,3
0074,2,3,4
0094,0,1,2
0128,0,1,2
0128,2,3,4    
0136,1,3,4